function simulation(sim_step)

% Temperature--> Temperature of fractionator stages (from top to bottom)
% Ttrack--> Cut points for products [HN,LCO]
% SPfrac--> Set points fractionator
% ProductsMB--> Feed, coke, products, slurry and reflux flowrates
% LPG--> LPG molar flowrate
% MVfrac--> MVs fractionator (duties, PA flowrates)
% products-->Reflux,HN and LCO flowrates
% xfil-->Filtered reactor output values
% Valvesfrac-->Fractionator valve position value

global yp
 %States for the filter (dist+P)
% --------------------------------------------------------

%%%%%%%%%%%%%%%%%%%%%%%%%%FCC Initial Data%%%%%%%%%%%%%%%%%%%%%%%%%%%%%%%%%
xfcc = [1564.06758445685, 616, 24.0440758965397, 24.9000000145994, 40.0420669348231, 28.0000000041903, 3.16075658859897, 35.0875282505755, 0.0101439627122109, 0.00250580481493606, 1249.99997383664, 9350.79072581430, 271210.435908199, 246.810877809621, 98098.9991960623, 968.999859177516, 2.68045714195376, 30.4463683645626, 14.6380093682365, -24.2765676899209, -0.612986761842691, 0.611929610398922, -5641.47052429781, -30153150.1669079, -1879.52204006479, 0.00468987379029097, 0.0481251434795964, 0.527273962836787, 0.357213788281919, 2.47339657486076, 1.41455228053760, 2.70179775410060, 2.44381704476869, 0.631637205219422, 0.627951527686494, 457.718461235902, 6.31203102548586];
ufcc = [165, 0, 1, 0, 0, 0, 0.431260000000000, 0, 0, 616, 24.9000000000000, 28, 1250, 98100, 969]; % LAST 6 COMPONENTS ARE THE SET POINTS FOR FCC.
%Detailed definiton of each ufcc component can be found in FCC.m file
dist = [75, 25, 460.900000000000, 0.900000000000000]; %DISTURBANCES
%Detailed definiton of each dist component can be found in FCC.m file
Flpg = 457.718467816417;
Tcondenser = 310.707095521277;

%%%%%%%%%%%%%%%%%%%%%Fractionator Initial Data%%%%%%%%%%%%%%%%%%%%%%%%%%%%%
MV = [0.747045932872508; 298.895742822403; 32; 216.5; 35.0441537396814; 1243.39471672084];
ufra = [1647.78648413911; 3547.63742893480; 3382.54085689940; 3077.23029277231; 3039.30039378578; 3038.30153796675; 3031.04170871230; 2992.96394430377; 2929.38471956076; 3035.21348344919; 3023.22094129519; 3055.92931441955; 3054.01364490236; 3044.12036102462; 3036.53284553629; 3032.88546649540; 3031.43608755138; 3030.73615977709; 3031.85542990300; 3317.69553572937; 310.707095521277; 392.000195034657; 423.489189888333; 449.071037007143; 455.829436826681; 457.278865297285; 458.591772080347; 463.785597803382; 472.370698542057; 509.816789386916; 517.590163820810; 519.337427827793; 520.027072886078; 521.878006501369; 523.251988845496; 523.948479342715; 524.270766239095; 524.490435402004; 594.289627412580; 628.139421202578];
xfra = [69.9992488400148; 10.6316859735314; 5.54317455602710; 4.91100895722520; 4.89436078215364; 3.09047029825112; 2.45584074341618; 1.39618700941233; 3.74406892836788; 3.54419293748662; 3.50526289424775; 3.47333455975866; 0.581208632217122; 0.454748252715454; 0.393957106911256; 0.369799493313600; 0.358132864975684; 21.1000283535949; 25.8640187364202; 0.332060339295454; -0.224208017297567; -0.246522780582604; -0.310253017194136; -0.335719668638253; -0.338098963445289; -0.338858427183761; -0.345902800895044; -0.377049332312538; -0.414759572319589; -0.430408083956499; -0.433430113589529; -0.434099943180356; -0.435987977736354; -0.447571182665404; -0.455658696962468; -0.459238836223210; -0.460571288645674; -0.461449885379717; -0.438370329521518; -0.445316469740412; -0.112072792215712; -0.142025512847148; -0.142222571040525; -0.138762351945039; -0.139091175556689; -0.139256499719380; -0.138852001804254; -0.136654245646270; -0.133003418846954; -0.136537633847564; -0.136534687842125; -0.136518050403360; -0.136377516308497; -0.135533047296566; -0.134886368848381; -0.134573362425308; -0.134446050237712; -0.134380488991606; -0.174913487206278; -0.188804971011267; 802.998070714435; 637.901158411887; 332.590473361626; 294.660537433512; 293.661646929218; 185.428217895067; 147.350444604971; 83.7712205647395; 224.644135702073; 212.651576249197; 210.315773654865; 208.400073585520; 34.8725179330273; 27.2848951629272; 23.6374264146753; 22.1879695988160; 21.4879718985410; 1266.00170121569; 1551.84112418521; 16.6030169647727];
